5 4 4 1 15 93 434 1 41 4 2 162 26 9 4 305 421 15 3
5 30 4 19 156 7 4 4 1 2 4 1688 113 3
5 4 4 1 15 93 434 11 373 156 7 4 672 4 968 1 31 545 9 4 305 7 49 345 443 4 3
5 9 994 7 4 543 299 8 164 4 4 4 39 997 9 273 808 7 1066 4 229 9 113 7 459 4 8 21 59 67 15 93 222 1 1360 246 3
5 2 4 4 1 4 1 19 4 4 543 21 4 2 4 1 28 138 4 4 8 21 4 4
5 13 517 65 4 476 1 1360 20 3
5 4 99 1 2 186 7 44 4 4 87
5 13 601 4 4 1 1903 702 4 10 33 4 4 4 10 38 3
5 399 1951 4 58 246 59 67 9 52 222 1 2 488 370 1283 10 344 12 44 1555 967 7 4 1 9 4 419 8 1161 44 1440 8 2 460 3
5 9 4 4 20 1 17 49 19 37 434 1317 3
5 78 311 1902 53 93 222 172 1494 4 7 4 777 125 4 1405 3
5 102 19 120 4 10 253 221 119 3
5 18
5 1503 4 1486 2 1360
5 69 4 2 459 58 4 7 125 341 22 4 7 2 4 4 3
5 17 78 42 120 4 568 22 387 4 34 24 687 1 18 20 581 1002 4 7 693 12 4 1066 784 3
5 1071 4 661 9 832 7 1360 27 2 183 1066 784 11 2 846 1773 7 4 603 11 693 603 3
5 2 4 1113 20 4 31 299 10 17 280 1524 1339 18 10 456 437 14 2 4 10 2 285 4 11 4 28 9 798 4 7 4 10 38 3
5 27 38 8 38 1 61 62 4 4 28 2 4 58 267 1 2 47 20 3
5 229 15 1009
5 69 1437 1096 28 2 4 1 15 42 4 54 59 67 155 426
5 2 187 332 3
5 375 7 2 283 4 459 42 4 4 1 231 155 28 410 4 1066 3
5 2 386 7 15 4 27 4 4 1 4 1066 11 4 31 317 233 67 187 1 2 1360 20 3
5 17 2 4 182 19 9 4 1977 229 173 7 551
5 69 959 4 4 1 18 20 1071 4 3
5 2 808 7 4 1066 4 229 2 459 24 2 409 4 1 1789 1 437 1620 1386 8 32 2 1670 14 125 4 459 4 10 720 4 726 1 35 20 3
5 2 439 1 50 19 1063 25 4 101 4 114 1 31 142 333 28 4 8 164 2 4 4 3
5 2 1977 705 41 457 173
5 69 1988 13 2 72 232 4 2 1343 7 4 231 4 59 4 67 2 275 1000 7 4 1 4 1 616 10 110 1773 11 74 1817 1 1071 4 20 3
5 2 72 19 66 7 2 296 4 1585
5 13 198 40 42 9 233 761 7 4 14 2 4 1 4 4 108 26 4
5 13 34 4 26 4 1 240 8 4 4 4 1 9 4 7 4 24 2 603 7 4 1616 7 4 3
5 59 275 4 4 34 4 11 34 59 4 1313 25 2 4 1 1071 4 4 3
5 10 607 1 2 989 985 322 4 9 4 1926 22 1860 92 1932 7 4 3
5 25 38 1 541 92 1453 1932 7 4 4 41 32 4 3
5 53 43 459 24 9 1620
5 13 181 437 14 2 4 4 58 4 8 4 10 2 4 3
5 965 7 2 1620 58 826 4 278 2 4 31 299 3
5 459 4 413 4 4 7 2 4 1725 111 9 851 4 1 4 10 4 11 4 4 11 4 1740 2 4 4 10 9 805 299 8 164 4 3
5 459 4 17 4 7 4 4 18 13 4 112 998 7 2 1620 1 138 358 4 4 4 2 502 3
5 17 102 12 120 836 13 71 7 173 459 11 604 4 4 4 1 18 20 4 4 1 257 91 7 1306 1078 14 4 101 4 3
5 17 36 132 42 8 4 13 177 1436 481 678 15 93 222 3
5 21 39 120 4 22 253 250 579 344 3
5 18
5 1011 22 4 1326 220 651 8 4 1 1540 1671 13 745 604 562 417 1250 10 150 196 3
5 2 215 4 4 268 7 2 43 4 220 4 25 4 12 179 342 272 4 9 4 7 9 808 384 8 55 23 27 55 23 14 2 147 347 537 3
5 4 1011 4 4 7 1454 11 13 2 303 268 1117 14 9 52 3
5 215 1657 7 2 220 131 799 4 25 9 289 8 15 193 1 2 4 178 285 432 1 240 8 4 12 3
5 931 4 34 991 8 4 1641 150 196 97 48 4 745 604 8 4 1273 233 196 14 9 931 365 3
5 4 4 34 980 9 1226 7 1137 196 97 745 604 109 4 233 196 4 3
5 2 215 1657 14 220 698 104 8 835 1 980 25 71 8 32 9 1948 4 97 173 604 4 2 56 1096 1 713 9 273 384 14 2 52 54 15 193 3
5 4 1 20 4 4 4 1 1715 7 179 342 272 1 1011 17 115 4 65 595 172 48
5 4 133 18 97 7 210 4 10 1035 150 196 3
5 2 268 22 4 286 662 267 24 407 12 857 1 14 513 1 140 8 55 23 27 55 23 3
5 500 210 1250 10 1011 1 134 412 8 4 288 111 179 220 3
5 327 7 2 43 4 220 1572 25 16 61 62 216 2 488 147 1 8 16 149 62 3
5 1561 1 4 1011 4 4 1035 799 97 745 604 109 4 4 11 406 96 2 1670 196 3
5 2 542 179 220 34 518 4 228 112 46 23 3
5 4 1490 315 1 2 4 342 1 60 9 4 4 268 7 55 23 216 2 488 147 1 133 27 55 23
5 9 147 159 3
5 21 4 1450 10 4 144 1102 11 19 518 4 284 864 1 50 4 33 268 3
5 2 215 4 4 268 7 2 43 220 31 55 23 1 133 27 55 23 3
5 2 4 4 268 219 8 37 215 55 23 27 55 23 80 2 4 4 268 4 8 37 215 55 23 27 55 23 3
5 4 4 1 257 156 7 4 4 101 114 1 50 1263 9 82 23 150 10 49 4 47 1 31 1299 9 305 3
5 35 4 4 689 4 1 4 9 4 4 257 156 1 69 1278 3
5 4 4 1263 155 7 4 824 12 954 162 1569 3
5 743 95 161 87 20 628 674 33 493 25 4 4 577 7 4 14 16 15
5 9 75 1 45 16 43 29 3
5 2 947 497 47 20 21 444 8 4 1349 776 11 1545 2 578 25 4 3
5 4 225 99 20 33 4 101 4 186 822 2 249 7 33 4 1646 248 8 4 4 3
5 1002 14 16 43 29 3
5 4 19 37 4 4 497 47 28 802 10 2 4 1458 176 3
5 4 1646 1 329 10 4 1 1517 1 601 4 443 1646 451 3
5 21 4 38 135 11 39 403 218 7 53 16 43 29 3
5 2 117 118 1919 100 7 72 677 146 97 312 39 40 4 2 4 22 118 226 3
5 334 312 4 1 2 118 39 40 125 1215 8 214 44 226 4 7 125 1000 1 2 286 20 3
5 2 118 12 4 1215 557 24 4 537 8 16 55 1640 27 16 55 1640 3
5 792 8 4 2 226 4 19 4 10 2 1491 112 4 1353 993 3
5 2 191 39 1882 8 653 2 4 8 16 61 1640 1 36 2 489 19 40 187 8 804 334 153 147 24 2 4 3
5 2 286 20 2 72 41 4 22 421 46 83 312 198 40 804 25 239 3
5 4 915 4 31 545 466 257 91 11 213 634 7 49 72 100 11 619 4 7 204 669 380 4 992 625 3
5 10 2 44 552
5 35 41 4 4 12 72 100 1 367 1 998 11 619 248 3
5 747 1 30 4 1 15 93 434 1 31 213 619 634 7 4 87 12 4 561 3
5 35 60 70 9 100 11 619 171 28 4 14 15 93 3
5 86 21 12 122 14 64 4 4 1 2 524 12 813 4 1561 4 184 8 2 4 4 7 4 4 188 4 4 11 4 4 3
5 77 49 52 3
5 2 183 463 7 1046 1650 22 2 4 207 7 4 14 33 608 162 503 3
5 11 2 325 1111 8 4 33 4 59 188 4 45 4 4 67 1620 1356 3
5 2 1201 1 7 946 76 8 4 8 43 377 567 759 13 2 4 22 2 4 4 19 40 124 4 96 92 1 13 21 12 9 295 678 14 9 47 8 1759 3
5 22 2 4 269 7 2 4 58 180 27 4 188 4 4 11 4 1 757 28 4 4 188 4 623 11 2 1421 4 4 1620 3
5 14 4 1 2 495 4 1969 758 4 4 4 14 37 4 7 2 4 4 4 11 9 4 4 4 4 3
5 4 11 4 1147 3
5 2 153 1122 1 28 9 1516 4 1 4 7 495 11 64 4 4 8 2 4 992 4 1 4 25 1804 45 1109 4 3
5 2 4 98 40 164 21 1 124 2 4 4 4 2 665 4 3
5 9 4 4 31 433 10 2 4 1 278 631 11 4 34 4 8 4 4 3
5 239 1 10 2 4 131 4 1 2 4 4 103 375 4 1 4 11 138 2 470 4 43 4 14 9 4 4 4 3
5 96 2 4 1 4 43 495 4 188 4 112 2 754 11 4 3
5 120 4 1 2 4 4 103 48 167 60 1056 22 64 856 14 227 4 12 869 45 94 3
