5
5 18
5 18
5 18
5 18
5 18
5 1733
5 81
5 18
5 18
5 18
5 18
5 18
5 18
5 1719
5 18
5 18
5 18
5 35
5 18
5 18
5 18
5 1719
5 18
5 81
5 1719
5 18
5 18
5 18
5 18
5 18
5 18
5 18
5 18
5 48
5 1076
5 1076
5 18
5 18
5 18
5 4
5 18
5 137
5 18
5 18
5 358
5 18
5 78
5 18
5 18
5 18
5 18
5 18
5 18
5 18
5 18
5 81
5 18
5 18
5 18
5 18
5 18
5 18
5 81
5 18
5 18
5 135
5 78
5 18
5 18
5 137
5 9
5 137
5 18
5 18
5 18
5 4
5 18
5 18
5 18
5 18
5 4
5 18
5 91
5 18
5 18
5 69
5 18
5 18
5 18
5 18
5 18
5 18
5 18
5 18
5 18
5 81
5 18
5 137
5 18
