6
18 6
18 6
18 6
18 6
18 6
1733 6
81 6
18 6
18 6
18 6
18 6
18 6
18 6
1719 6
18 6
18 6
18 6
35 6
18 6
18 6
18 6
1719 6
18 6
81 6
1719 6
18 6
18 6
18 6
18 6
18 6
18 6
18 6
18 6
48 6
1076 6
1076 6
18 6
18 6
18 6
4 6
18 6
137 6
18 6
18 6
358 6
18 6
78 6
18 6
18 6
18 6
18 6
18 6
18 6
18 6
18 6
81 6
18 6
18 6
18 6
18 6
18 6
18 6
81 6
18 6
18 6
135 6
78 6
18 6
18 6
137 6
9 6
137 6
18 6
18 6
18 6
4 6
18 6
18 6
18 6
18 6
4 6
18 6
91 6
18 6
18 6
69 6
18 6
18 6
18 6
18 6
18 6
18 6
18 6
18 6
18 6
81 6
18 6
137 6
18 6
